VISDATA
93
0 0
1 0
2 0
3 0
4 0
5 0
6 0
7 0
8 0
9 0
10 0
11 0
12 0
13 0
14 0
15 30  33 34 35 38 19 36 18 42 16 32 47 60 23 49 24 25 57 54 55 26 27 62 61 83 64 66 84 85 71 86 
16 30  18 19 23 24 25 15 32 26 27 33 34 35 36 38 42 47 60 49 83 57 54 55 84 85 86 61 62 89 91 92 
17 0
18 30  16 27 26 15 25 24 23 83 32 84 33 85 34 35 36 38 86 42 89 47 60 91 92 49 54 57 55 19 61 62 
19 30  27 16 26 15 25 24 23 83 32 33 84 34 85 35 36 38 42 86 47 89 60 49 91 92 57 54 55 18 61 62 
20 0
21 0
22 0
23 30  16 19 18 83 15 84 85 86 89 32 91 92 27 33 26 34 35 36 38 42 47 25 60 49 24 54 57 55 62 61 
24 30  16 19 18 83 84 15 85 86 89 91 32 92 27 33 34 26 35 36 38 42 47 60 49 23 25 54 57 55 62 61 
25 30  16 19 18 83 84 15 85 86 89 91 92 32 33 34 27 35 36 38 26 42 47 23 60 24 49 54 57 55 62 61 
26 30  19 18 16 83 84 85 86 15 89 91 92 23 32 24 25 33 34 35 36 38 42 47 27 60 49 54 57 55 62 61 
27 30  18 19 16 83 84 85 86 15 89 91 92 23 24 32 25 33 34 35 36 38 42 47 26 60 49 54 57 55 62 61 
28 0
29 0
30 0
31 0
32 30  47 42 15 49 60 16 57 54 55 38 62 36 61 19 18 35 34 33 64 66 23 24 25 71 26 27 83 84 85 86 
33 30  57 55 15 54 49 60 62 61 47 16 64 66 42 71 19 18 32 23 38 24 25 73 26 27 36 35 72 34 83 84 
34 30  57 55 15 54 49 62 61 60 16 47 64 66 71 32 19 42 18 23 24 25 73 38 26 27 72 36 33 35 83 84 
35 30  55 57 15 54 62 61 49 60 16 47 64 66 71 32 19 18 42 23 24 25 73 38 26 27 72 33 36 34 83 84 
36 30  55 57 15 54 62 61 49 16 64 60 66 47 32 71 19 18 42 73 23 24 25 33 26 27 72 34 38 35 83 84 
37 0
38 30  55 15 57 62 61 54 64 66 16 32 49 71 60 47 19 18 33 73 42 23 34 24 25 72 35 26 27 36 83 84 
39 0
40 0
41 0
42 30  62 61 15 32 55 66 64 57 71 54 16 33 34 49 35 36 19 18 60 73 47 38 72 23 24 25 26 27 83 84 
43 0
44 0
45 0
46 0
47 30  62 61 32 66 64 33 15 34 71 35 36 16 38 55 57 73 72 54 42 19 18 49 23 24 25 60 26 27 81 83 
48 0
49 30  33 34 66 61 32 64 62 35 36 71 38 15 73 72 16 42 55 57 54 19 18 47 60 23 24 25 81 27 26 80 
50 0
51 0
52 0
53 0
54 30  33 34 35 36 66 38 64 32 71 61 62 42 15 73 72 16 47 60 49 55 19 18 57 81 23 24 25 80 79 27 
55 30  34 35 36 33 38 66 64 71 42 32 61 73 15 72 62 47 60 49 16 54 19 18 81 57 80 79 23 24 25 27 
56 0
57 30  34 33 35 36 38 66 64 32 71 42 61 15 62 73 72 47 60 16 49 19 18 54 55 81 80 23 24 25 79 27 
58 0
59 0
60 30  61 62 66 32 33 64 34 71 35 15 36 38 73 16 55 72 57 42 54 19 18 49 23 24 25 47 27 26 81 83 
61 30  42 47 60 38 36 49 35 34 33 71 54 73 66 72 57 32 55 64 81 15 80 79 16 62 19 18 89 23 24 25 
62 30  42 47 38 60 36 35 34 49 33 71 66 54 73 72 32 57 64 55 81 15 80 79 16 61 19 18 23 24 89 25 
63 0
64 30  54 49 57 55 60 47 42 73 72 38 36 35 34 33 81 80 79 62 61 32 71 15 66 16 89 86 18 19 85 84 
65 0
66 30  55 57 54 49 60 47 42 73 72 38 62 36 61 35 34 33 81 80 79 32 15 64 71 16 89 86 85 18 84 19 
67 0
68 0
69 0
70 0
71 30  55 57 54 49 62 60 72 73 47 61 42 81 80 38 79 36 35 34 33 32 64 66 15 16 18 19 23 24 25 26 
72 23  80 71 79 66 64 81 61 62 55 57 54 49 60 47 42 38 36 35 34 33 73 32 15 
73 23  80 66 79 71 64 81 61 62 55 57 54 49 60 47 42 38 36 35 34 33 72 32 15 
74 0
75 0
76 0
77 0
78 0
79 22  72 73 71 66 64 61 62 81 80 55 57 54 49 60 47 42 38 36 35 34 33 32 
80 22  72 73 71 66 64 61 62 81 79 55 57 54 49 60 47 42 38 36 35 34 33 32 
81 22  73 72 71 66 64 61 62 80 79 55 57 54 49 60 47 42 38 36 35 34 33 32 
82 0
83 30  86 89 26 27 24 25 23 92 91 18 19 85 84 16 15 33 34 35 36 32 38 42 47 60 49 54 57 55 61 62 
84 30  92 91 89 27 26 25 24 23 86 83 18 19 16 15 85 33 34 32 35 36 38 42 61 62 47 60 49 66 64 54 
85 30  92 91 27 26 89 25 24 23 83 18 86 19 16 15 84 33 34 32 35 36 38 42 61 62 66 64 47 60 49 54 
86 30  83 27 26 84 25 24 23 92 91 85 89 18 19 16 15 33 34 35 36 38 32 42 66 61 64 62 55 57 49 54 
87 0
88 0
89 30  83 84 85 27 26 25 24 23 86 18 19 92 91 16 15 66 64 61 62 33 34 35 36 38 55 57 42 54 49 60 
90 0
91 30  84 83 85 86 27 26 25 24 23 18 19 89 92 16 15 66 61 33 34 35 36 55 57 38 42 32 54 49 60 47 
92 30  84 83 85 86 27 26 25 24 23 89 18 19 91 16 15 66 61 33 34 35 55 57 36 38 42 32 54 49 60 47 
